0 0.0002442 0.0004884 0.000732601 0.000976801 0.001221 0.0014652 0.0017094 0.0019536 0.0021978
0.002442 0.0026862 0.0029304 0.0031746 0.0034188 0.003663 0.0039072 0.0041514 0.0043956 0.0046398
0.004884 0.00512821 0.00537241 0.00561661 0.00586081 0.00610501 0.00634921 0.00659341 0.00683761 0.00708181
0.00732601 0.00757021 0.00781441 0.00805861 0.00830281 0.00854701 0.00879121 0.00903541 0.00927961 0.00952381
0.00976801 0.0100122 0.0102564 0.0105006 0.0107448 0.010989 0.0112332 0.0114774 0.0117216 0.0119658
0.01221 0.0124542 0.0126984 0.0129426 0.0131868 0.013431 0.0136752 0.0139194 0.0141636 0.0144078
0.014652 0.0148962 0.0151404 0.0153846 0.0156288 0.015873 0.0161172 0.0163614 0.0166056 0.0168498
0.017094 0.0173382 0.0175824 0.0178266 0.0180708 0.018315 0.0185592 0.0188034 0.0190476 0.0192918
0.019536 0.0197802 0.0200244 0.0202686 0.0205128 0.020757 0.0210012 0.0212454 0.0214896 0.0217338
0.021978 0.0222222 0.0224664 0.0227106 0.0229548 0.023199 0.0234432 0.0236874 0.0239316 0.0241758
